# ALMA observations from Molter, et al. 2019 
# Band 3/4/6 Center frequency  100,144,243 GHz 
# Band 3/4/6 Bandwidth 32,38,64 GHz
# Center Latitude // Tb_3 (K) // Tb_4 (K) // Tb_6 (K) // err_3 (K) // err_4 (K) // err_6 (K) // mu_3 // mu_4 // mu_6

-25.00 128.79 107.76 67.09 0.17 0.06 0.07 0.43 0.44 0.33
-15.00 135.98 119.50 83.38 0.15 0.05 0.05 0.58 0.58 0.48
-5.00 141.71 124.21 90.46 0.13 0.05 0.05 0.71 0.71 0.62
5.00 141.35 125.01 92.69 0.12 0.04 0.04 0.82 0.82 0.75
15.00 142.36 125.36 94.18 0.12 0.04 0.04 0.90 0.91 0.85
25.00 142.57 126.51 96.00 0.11 0.04 0.04 0.96 0.96 0.92
35.00 142.90 127.15 96.77 0.11 0.04 0.04 0.98 0.98 0.97
45.00 146.57 128.45 98.21 0.11 0.04 0.04 0.98 0.98 0.99
55.00 159.10 134.80 101.12 0.11 0.04 0.04 0.95 0.95 0.98
65.00 167.03 140.13 103.00 0.12 0.04 0.04 0.89 0.89 0.94
75.00 165.08 139.05 101.79 0.12 0.05 0.04 0.80 0.80 0.87
85.00 161.27 136.15 99.32 0.13 0.05 0.04 0.69 0.69 0.78
